"InvestigatedGenecoexprPartners"
"Vitvi01g00002"	0.937844427757728
"Vitvi01g01835"	0.852263256730525
"Vitvi01g00033"	0.829383857646411
"Vitvi01g00051"	0.896101380216821
"Vitvi01g00052"	0.920718490065018
"Vitvi01g00056"	0.840047367100728
"Vitvi01g00070"	0.847879364545551
"Vitvi01g00104"	0.867850093934014
"Vitvi01g00148"	0.914704660027784
"Vitvi01g00160"	0.818177165626091
"Vitvi01g00222"	0.851273347866046
"Vitvi01g00225"	0.840674545703231
"Vitvi01g01926"	0.849978398748877
"Vitvi01g00228"	0.876457221031977
"Vitvi01g00230"	0.823061437196291
"Vitvi01g00241"	0.955776437615998
"Vitvi01g00243"	0.867758001024028
"Vitvi01g00258"	0.941942360435345
"Vitvi01g00280"	0.866149317014814
"Vitvi01g00284"	0.925211964469835
"Vitvi01g00286"	0.834979496439985
"Vitvi01g00291"	0.905257602743533
"Vitvi01g00318"	0.841677280346053
"Vitvi01g00325"	0.905368849258705
"Vitvi01g04082"	0.863767883016495
"Vitvi01g00335"	0.871179228705794
"Vitvi01g00337"	0.933136687731543
"Vitvi01g00371"	0.84992757916706
"Vitvi01g00391"	0.881702257261064
"Vitvi01g00394"	0.846814163512763
"Vitvi01g00402"	0.916834449926882
"Vitvi01g01971"	0.8907500318787
"Vitvi01g01981"	0.837541904076218
"Vitvi01g00443"	0.849938247522767
"Vitvi01g00466"	0.820178293567556
"Vitvi01g00497"	0.920832723875249
"Vitvi01g00526"	0.827308176439399
"Vitvi01g00528"	0.819293663610055
"Vitvi01g00532"	0.827390146276273
"Vitvi01g00537"	0.886538646682766
"Vitvi01g00541"	0.858554924346304
"Vitvi01g00542"	0.897251536196361
"Vitvi01g00543"	0.909919155280382
"Vitvi01g00567"	0.84019938193358
"Vitvi01g00593"	0.892002518462415
"Vitvi01g00598"	0.892039690319795
"Vitvi01g00610"	0.839247514721405
"Vitvi01g00629"	0.856404324615722
"Vitvi01g00635"	0.885014432168191
"Vitvi01g00636"	0.856291947328881
"Vitvi01g00638"	0.847930545020144
"Vitvi01g02030"	0.817113675747508
"Vitvi01g00656"	0.852252601125283
"Vitvi01g00695"	0.9040771535963
"Vitvi01g00710"	0.868580153177178
"Vitvi01g00745"	0.94667693263678
"Vitvi01g00747"	0.864795479070895
"Vitvi01g00784"	0.900654656528235
"Vitvi01g04204"	0.921606104252924
"Vitvi01g00799"	0.913111174870685
"Vitvi01g00810"	0.830475367932241
"Vitvi01g00813"	0.869662135809015
"Vitvi01g00816"	0.923020056776594
"Vitvi01g00842"	0.834043054011264
"Vitvi01g00859"	0.81993413536315
"Vitvi01g00860"	0.929513409005663
"Vitvi01g00864"	0.8603320181179
"Vitvi01g00876"	0.908524483004162
"Vitvi01g00900"	0.949261422917331
"Vitvi01g00945"	0.84537632598908
"Vitvi01g00958"	0.85851099808017
"Vitvi01g00994"	0.850446162715651
"Vitvi01g00995"	0.934451634907265
"Vitvi01g04248"	0.83204103523493
"Vitvi01g01022"	0.915294373254304
"Vitvi01g01072"	0.850134072998661
"Vitvi01g04267"	0.93203016048535
"Vitvi01g01121"	0.924740645889419
"Vitvi01g01132"	0.847685948290512
"Vitvi01g04313"	0.860576695596332
"Vitvi01g01282"	0.819173213224551
"Vitvi01g01376"	0.892144233699826
"Vitvi01g01404"	0.90606085629552
"Vitvi01g01434"	0.940579617778535
"Vitvi01g01557"	0.861573578180246
"Vitvi01g01561"	0.831961789546583
"Vitvi01g02227"	0.83414689711758
"Vitvi01g01640"	0.866370492227319
"Vitvi01g01657"	0.950608827602936
"Vitvi01g01660"	0.924440156981728
"Vitvi01g02274"	0.841505438318855
"Vitvi01g01678"	0.862990879255106
"Vitvi01g01714"	0.889881423476842
"Vitvi01g01733"	0.818116558332119
"Vitvi01g01750"	0.91196911347931
"Vitvi01g01758"	0.877413182560642
"Vitvi01g01761"	0.855725284603156
"Vitvi01g01782"	0.922319853141857
"Vitvi01g01796"	0.897689377303103
"Vitvi01g01803"	0.87279637290848
"Vitvi01g01806"	0.907412728013041
"Vitvi01g01808"	0.827882120124191
"Vitvi10g00015"	0.868725596058108
"Vitvi10g01612"	0.817929012493451
"Vitvi10g01616"	0.82901806278501
"Vitvi10g00082"	0.877571616078095
"Vitvi10g00100"	0.939383831770099
"Vitvi10g00105"	0.927568590756179
"Vitvi10g00106"	0.893937961140146
"Vitvi10g00122"	0.872628517926401
"Vitvi10g04045"	0.842538866103408
"Vitvi10g04052"	0.822794238891968
"Vitvi10g01675"	0.861687624814248
"Vitvi10g00213"	0.880533551190294
"Vitvi10g00235"	0.826673186721419
"Vitvi10g00245"	0.839197890627486
"Vitvi10g04142"	0.834457730515609
"Vitvi10g00307"	0.899532883704352
"Vitvi10g04155"	0.88158947548395
"Vitvi10g02177"	0.901428581494967
"Vitvi10g00290"	0.85590086668899
"Vitvi10g00344"	0.818688336810069
"Vitvi10g00359"	0.93988223674389
"Vitvi10g01746"	0.903695852539871
"Vitvi10g04262"	0.852805719238577
"Vitvi10g01760"	0.882240617995794
"Vitvi10g00422"	0.898400329280952
"Vitvi10g04276"	0.881110713010426
"Vitvi10g04278"	0.86042850103543
"Vitvi10g00436"	0.866277191639503
"Vitvi10g04285"	0.902681357785552
"Vitvi10g04295"	0.832790340895089
"Vitvi10g04296"	0.832740614644813
"Vitvi10g02340"	0.907220834401066
"Vitvi10g00414"	0.940061407699988
"Vitvi10g00413"	0.863721533707012
"Vitvi10g00469"	0.826287363729183
"Vitvi10g00452"	0.82378749727331
"Vitvi10g00487"	0.834012292488012
"Vitvi10g00503"	0.903312212723836
"Vitvi10g00523"	0.881989255755095
"Vitvi10g00562"	0.901657396541112
"Vitvi10g00604"	0.895192129300009
"Vitvi10g00612"	0.919259301512234
"Vitvi10g04371"	0.883135384991083
"Vitvi10g04372"	0.912124120672371
"Vitvi10g04378"	0.820025175765581
"Vitvi10g00629"	0.877661696806088
"Vitvi10g00631"	0.856862291733547
"Vitvi10g00652"	0.842454901212088
"Vitvi10g00668"	0.848136603764826
"Vitvi10g00669"	0.899223953880478
"Vitvi10g00707"	0.923925440783429
"Vitvi10g01835"	0.849577155822714
"Vitvi10g00759"	0.847401884618125
"Vitvi10g00764"	0.863435583042362
"Vitvi10g01852"	0.848966736724399
"Vitvi10g00788"	0.817746071380246
"Vitvi10g00797"	0.85908403062503
"Vitvi10g01880"	0.821364725335914
"Vitvi10g01888"	0.907879901804088
"Vitvi10g00851"	0.844169856132224
"Vitvi10g00870"	0.862345462667315
"Vitvi10g01892"	0.919143938016561
"Vitvi10g00879"	0.919380884296505
"Vitvi10g00889"	0.823484782616548
"Vitvi10g00905"	0.923498412059762
"Vitvi10g00949"	0.938797132175467
"Vitvi10g01016"	0.874905331033462
"Vitvi10g01107"	0.914479695634083
"Vitvi10g01110"	0.826429995503727
"Vitvi10g01116"	0.831446366028754
"Vitvi10g02037"	0.868871552079098
"Vitvi10g01505"	0.824236684144078
"Vitvi10g01507"	0.846263023705531
"Vitvi10g01548"	0.884641231222717
"Vitvi11g00008"	0.874082477018613
"Vitvi11g00009"	0.826733592192982
"Vitvi11g00013"	0.933316990251265
"Vitvi11g00016"	0.84508874250775
"Vitvi11g00030"	0.84132008853981
"Vitvi11g00038"	0.832707615242565
"Vitvi11g00041"	0.915018210575515
"Vitvi11g00053"	0.870148008900901
"Vitvi11g00086"	0.864132449549985
"Vitvi11g00089"	0.903919322578215
"Vitvi11g00099"	0.820310094049052
"Vitvi11g04039"	0.949352488513752
"Vitvi11g00175"	0.882269748242412
"Vitvi11g00191"	0.82613077448793
"Vitvi11g00196"	0.867279154147088
"Vitvi11g00203"	0.90297382770407
"Vitvi11g01385"	0.914340182120049
"Vitvi11g00243"	0.825519682306649
"Vitvi11g00245"	0.890102922923161
"Vitvi11g00249"	0.929947643101085
"Vitvi11g00256"	0.880500784688332
"Vitvi11g00286"	0.824279562092633
"Vitvi11g01394"	0.888355430873387
"Vitvi11g00287"	0.856531700109815
"Vitvi11g00317"	0.855717460771632
"Vitvi11g00346"	0.844984259486599
"Vitvi11g00360"	0.919115848343963
"Vitvi11g00365"	0.95421220636477
"Vitvi11g00393"	0.883556655656466
"Vitvi11g00395"	0.946310577967458
"Vitvi11g00398"	0.947679425221337
"Vitvi11g00401"	0.906100505883553
"Vitvi11g00408"	0.818567177751217
"Vitvi11g00451"	0.859184001147606
"Vitvi11g00463"	0.944582191932492
"Vitvi11g00476"	0.847808949304839
"Vitvi11g00480"	0.935822076557972
"Vitvi11g00518"	0.932392915769838
"Vitvi11g00539"	0.875490819451367
"Vitvi11g00695"	0.888101570059813
"Vitvi11g00712"	0.907628089220302
"Vitvi11g00730"	0.825467193269418
"Vitvi11g00809"	0.826636650815989
"Vitvi11g00815"	0.850022112058455
"Vitvi11g00838"	0.88846744305462
"Vitvi11g04217"	0.907130497036468
"Vitvi11g00949"	0.939175484603661
"Vitvi11g00969"	0.844778435413881
"Vitvi11g01075"	0.875679349136857
"Vitvi11g01098"	0.914399338372778
"Vitvi11g01134"	0.908525202675159
"Vitvi11g04319"	0.91367369083177
"Vitvi11g01144"	0.877757538696498
"Vitvi11g01630"	0.83658286797364
"Vitvi11g01185"	0.8415829309069
"Vitvi11g01650"	0.877276488626632
"Vitvi11g01212"	0.824898728770139
"Vitvi11g01228"	0.915799944100463
"Vitvi11g01238"	0.823455654816064
"Vitvi11g01243"	0.828523471579644
"Vitvi11g01675"	0.896532619195865
"Vitvi11g01310"	0.89967944193958
"Vitvi12g02179"	0.855831224305223
"Vitvi12g00015"	0.820316093201916
"Vitvi12g02185"	0.870710685548759
"Vitvi12g02192"	0.822670886557664
"Vitvi12g00145"	0.873090492823408
"Vitvi12g00146"	0.914083257331536
"Vitvi12g04046"	0.859473124950483
"Vitvi12g00193"	0.926583763824139
"Vitvi12g00213"	0.827783571567152
"Vitvi12g00226"	0.937795008355419
"Vitvi12g00231"	0.835503244466463
"Vitvi12g00248"	0.937440577029652
"Vitvi12g00278"	0.823854524225822
"Vitvi12g00280"	0.841336751418649
"Vitvi12g00297"	0.889346334747491
"Vitvi12g00303"	0.866533650719869
"Vitvi12g00316"	0.850041477360672
"Vitvi12g00342"	0.874165264229358
"Vitvi12g00362"	0.918293314182607
"Vitvi12g00373"	0.840818613369494
"Vitvi12g00382"	0.822754924437139
"Vitvi12g02375"	0.831513415319242
"Vitvi12g00430"	0.899316600247387
"Vitvi12g00440"	0.948426896127122
"Vitvi12g00443"	0.867721550149272
"Vitvi12g00456"	0.896695062746826
"Vitvi12g00482"	0.861416959200131
"Vitvi12g04147"	0.892560907558264
"Vitvi12g00483"	0.88281410250402
"Vitvi12g00493"	0.839184948103657
"Vitvi12g02409"	0.854934727742035
"Vitvi12g00533"	0.873127091109457
"Vitvi12g02420"	0.84689563681973
"Vitvi12g00572"	0.882583425295155
"Vitvi12g00586"	0.942277879644219
"Vitvi12g00606"	0.894319793588237
"Vitvi12g00627"	0.887782779598736
"Vitvi12g00631"	0.94573220545102
"Vitvi12g04195"	0.928495914715163
"Vitvi12g00638"	0.851560641177872
"Vitvi12g00654"	0.832482187744303
"Vitvi12g02486"	0.86939015855082
"Vitvi12g00686"	0.905183556627284
"Vitvi12g00721"	0.929254676564049
"Vitvi12g00753"	0.87308790986512
"Vitvi12g01053"	0.839422489911382
"Vitvi12g01115"	0.861859868004182
"Vitvi12g01605"	0.872317763413666
"Vitvi12g01808"	0.927654406065805
"Vitvi12g01873"	0.821960858056824
"Vitvi12g02022"	0.883394356762286
"Vitvi12g02057"	0.874448317973567
"Vitvi12g02137"	0.817122026259367
"Vitvi12g02142"	0.934669523102784
"Vitvi12g02755"	0.921290475871394
"Vitvi12g02167"	0.87128156665029
"Vitvi13g00004"	0.87186770095399
"Vitvi13g00022"	0.87354736369841
"Vitvi13g00028"	0.905151230326511
"Vitvi13g01886"	0.890254792725251
"Vitvi13g00037"	0.914515117998777
"Vitvi13g00085"	0.883774473195747
"Vitvi13g01903"	0.861155055905953
"Vitvi13g00145"	0.817704295975166
"Vitvi13g00156"	0.886000281894948
"Vitvi13g00171"	0.893316512857447
"Vitvi13g01913"	0.930285998630548
"Vitvi13g00182"	0.923529378299914
"Vitvi13g04041"	0.891442712435867
"Vitvi13g00205"	0.853973053257027
"Vitvi13g01937"	0.826479417516912
"Vitvi13g01942"	0.843368550102593
"Vitvi13g01949"	0.842592785571602
"Vitvi13g04068"	0.818091563704645
"Vitvi13g00255"	0.895967984660337
"Vitvi13g00272"	0.891303570488137
"Vitvi13g01988"	0.906555648274641
"Vitvi13g00339"	0.828913721623861
"Vitvi13g00345"	0.929440136308807
"Vitvi13g00348"	0.840699956726202
"Vitvi13g00352"	0.896690262614291
"Vitvi13g00495"	0.857350974830259
"Vitvi13g00563"	0.923710500657254
"Vitvi13g00575"	0.857515823531281
"Vitvi13g00604"	0.874310431137508
"Vitvi13g00614"	0.952990887893397
"Vitvi13g04171"	0.922216500437726
"Vitvi13g00622"	0.854988144560788
"Vitvi13g00646"	0.882760124689408
"Vitvi13g00703"	0.826326820667729
"Vitvi13g01245"	0.839306366449286
"Vitvi13g00716"	0.911018319814609
"Vitvi13g00717"	0.845618022893335
"Vitvi13g00738"	0.88623939955423
"Vitvi13g00981"	0.845755357790035
"Vitvi13g04468"	0.887669863027107
"Vitvi13g01420"	0.882759039799971
"Vitvi13g01429"	0.819305509532056
"Vitvi13g02413"	0.830426156590633
"Vitvi13g01537"	0.846778827878944
"Vitvi13g02416"	0.888178346527659
"Vitvi13g01570"	0.846164838788023
"Vitvi13g01576"	0.900839518371559
"Vitvi13g01611"	0.82806425394175
"Vitvi13g01672"	0.917512513171441
"Vitvi13g01676"	0.895337226484928
"Vitvi13g01684"	0.911257157553702
"Vitvi13g01686"	0.927334824787886
"Vitvi13g01690"	0.94597042459976
"Vitvi13g01691"	0.872291238074049
"Vitvi13g04750"	0.824404588432676
"Vitvi13g01731"	0.899372956934443
"Vitvi13g01736"	0.894301353722624
"Vitvi13g01744"	0.832426150332627
"Vitvi13g04777"	0.879037500276144
"Vitvi13g04785"	0.882700452554412
"Vitvi13g04786"	0.855055664165061
"Vitvi13g01849"	0.883043224542647
"Vitvi13g01855"	0.899062600550438
"Vitvi14g00029"	0.847453145624332
"Vitvi14g00031"	0.836578151429886
"Vitvi14g00059"	0.92757463208723
"Vitvi14g02463"	0.860104821535877
"Vitvi14g00087"	0.875310967645958
"Vitvi14g00113"	0.920670936742722
"Vitvi14g00114"	0.917879521535663
"Vitvi14g04030"	0.855747457055871
"Vitvi14g00127"	0.86382170780913
"Vitvi14g00128"	0.92946205711309
"Vitvi14g02487"	0.889385673614605
"Vitvi14g04043"	0.849592891938693
"Vitvi14g02493"	0.827732805662721
"Vitvi14g04048"	0.851163035336816
"Vitvi14g00184"	0.879863532574839
"Vitvi14g00265"	0.846435701189174
"Vitvi14g00268"	0.908371607535114
"Vitvi14g00273"	0.923276657411152
"Vitvi14g00282"	0.885464475273979
"Vitvi14g02582"	0.873914676921822
"Vitvi14g04155"	0.921586389474886
"Vitvi14g00391"	0.887270895219302
"Vitvi14g00392"	0.834483729383424
"Vitvi14g00425"	0.938461188573632
"Vitvi14g00427"	0.944965830407287
"Vitvi14g00433"	0.860935792474171
"Vitvi14g00434"	0.937093532757038
"Vitvi14g00445"	0.899824512493096
"Vitvi14g00471"	0.86366251193696
"Vitvi14g00483"	0.871035650154114
"Vitvi14g00484"	0.897255782870514
"Vitvi14g00488"	0.840103576416853
"Vitvi14g04244"	0.830876574520481
"Vitvi14g02757"	0.840024700422103
"Vitvi14g02758"	0.88811381964806
"Vitvi14g00775"	0.915229589641297
"Vitvi14g00821"	0.896913973787967
"Vitvi14g00952"	0.919766157312785
"Vitvi14g02829"	0.8886536946958
"Vitvi14g01178"	0.828618639271141
"Vitvi14g01185"	0.860119526524501
"Vitvi14g02876"	0.917358926118143
"Vitvi14g01240"	0.941159775652768
"Vitvi14g01262"	0.901108506113609
"Vitvi14g01268"	0.90665632732827
"Vitvi14g01272"	0.903905494690639
"Vitvi14g02903"	0.851489098126242
"Vitvi14g01294"	0.944732780739072
"Vitvi14g01301"	0.822158892220495
"Vitvi14g01325"	0.833701418454475
"Vitvi14g01336"	0.826652947957429
"Vitvi14g01351"	0.90057448927926
"Vitvi13g01760"	0.897093377637784
"Vitvi14g02924"	0.853057188380912
"Vitvi14g01381"	0.903009018856913
"Vitvi14g02930"	0.877589175311442
"Vitvi14g04526"	0.896050863792301
"Vitvi14g01390"	0.888831877311643
"Vitvi14g01401"	0.868735749368521
"Vitvi14g01404"	0.909127261767045
"Vitvi14g04539"	0.890708026866995
"Vitvi14g01450"	0.903077047224621
"Vitvi14g01476"	0.825166585957374
"Vitvi14g04551"	0.921431311238283
"Vitvi14g01496"	0.840262684236211
"Vitvi14g01502"	0.876476415552553
"Vitvi14g01511"	0.913002743581449
"Vitvi14g01543"	0.850424598981005
"Vitvi14g01568"	0.817019972992335
"Vitvi14g01575"	0.889408228504704
"Vitvi14g04590"	0.837342055283471
"Vitvi14g01576"	0.924981429453168
"Vitvi14g01581"	0.91472396575747
"Vitvi14g01641"	0.852510017714936
"Vitvi14g01646"	0.818417379188417
"Vitvi14g02997"	0.843444240790625
"Vitvi14g01653"	0.892639297286177
"Vitvi14g01735"	0.933645887681183
"Vitvi14g01744"	0.917498538576841
"Vitvi14g03020"	0.916289230721919
"Vitvi14g04629"	0.83098986140055
"Vitvi14g01769"	0.861935505132876
"Vitvi14g01821"	0.90651648912787
"Vitvi14g01856"	0.869402121507609
"Vitvi14g04667"	0.834215876092577
"Vitvi14g01910"	0.934531031224669
"Vitvi14g01921"	0.883570858304656
"Vitvi14g01922"	0.916706081089616
"Vitvi14g01952"	0.866864388814384
"Vitvi14g01960"	0.950970089413103
"Vitvi14g01977"	0.839718087193669
"Vitvi14g01987"	0.899452019418515
"Vitvi14g01992"	0.828212595187581
"Vitvi14g01996"	0.833020637877907
"Vitvi14g02006"	0.87811144217525
"Vitvi14g02009"	0.842748595547561
"Vitvi14g02010"	0.924691125227233
"Vitvi14g02043"	0.905360182715856
"Vitvi15g00062"	0.840038463694553
"Vitvi15g01344"	0.892159825900846
"Vitvi15g00396"	0.818601381920777
"Vitvi15g01388"	0.867957343066016
"Vitvi15g00526"	0.842802651151173
"Vitvi15g00537"	0.9071365816528
"Vitvi15g00543"	0.859181300803662
"Vitvi15g00563"	0.860416124553246
"Vitvi15g00619"	0.902734034408276
"Vitvi15g00620"	0.901861986076334
"Vitvi15g00641"	0.851850296757024
"Vitvi15g00684"	0.832544509639145
"Vitvi15g01489"	0.879208520874718
"Vitvi15g00687"	0.857882876885014
"Vitvi15g00690"	0.945633268349279
"Vitvi15g00708"	0.849261224668476
"Vitvi15g00714"	0.848020661641648
"Vitvi15g00721"	0.853335354919352
"Vitvi15g00775"	0.857863748126427
"Vitvi15g00781"	0.867352361484964
"Vitvi15g00804"	0.839792102244181
"Vitvi15g00816"	0.900744654002079
"Vitvi15g00825"	0.854003219713263
"Vitvi15g00863"	0.841089572771042
"Vitvi15g00876"	0.916188557171327
"Vitvi15g00887"	0.857520733473405
"Vitvi15g00888"	0.819149714905063
"Vitvi15g00893"	0.915420315768243
"Vitvi15g00896"	0.906672137332277
"Vitvi15g00913"	0.903233575404978
"Vitvi15g00915"	0.921921033308471
"Vitvi15g01565"	0.830589020793387
"Vitvi15g00921"	0.824346201448687
"Vitvi15g04494"	0.881711503598622
"Vitvi15g04517"	0.901615795454272
"Vitvi15g00933"	0.852010536505109
"Vitvi15g00943"	0.89936728149806
"Vitvi15g00947"	0.860511137587232
"Vitvi15g01011"	0.912531035958932
"Vitvi15g01629"	0.843476687961094
"Vitvi15g01018"	0.88489771664797
"Vitvi15g01019"	0.866826497796583
"Vitvi15g01630"	0.869465309321138
"Vitvi15g01028"	0.929113701381111
"Vitvi15g01045"	0.839575286773664
"Vitvi15g01046"	0.878083105739474
"Vitvi15g01050"	0.931619445946023
"Vitvi15g01066"	0.852780088321447
"Vitvi15g01078"	0.948624523845047
"Vitvi15g01106"	0.861765679239451
"Vitvi15g01108"	0.907990301640259
"Vitvi15g01121"	0.842976324174585
"Vitvi15g01124"	0.822948445377304
"Vitvi15g01160"	0.893473589790916
"Vitvi15g01161"	0.82148551293434
"Vitvi15g01178"	0.896683743789549
"Vitvi15g01182"	0.826522692806085
"Vitvi15g04651"	0.865634063145709
"Vitvi15g04655"	0.86296732335679
"Vitvi16g00002"	0.868710221576754
"Vitvi16g00071"	0.931016817495359
"Vitvi16g00073"	0.904240535482514
"Vitvi16g00093"	0.926144664371604
"Vitvi16g00137"	0.839830056739459
"Vitvi16g04072"	0.895938119263256
"Vitvi16g00276"	0.882473920056935
"Vitvi16g00501"	0.869957257742668
"Vitvi16g00713"	0.949434546742201
"Vitvi16g04296"	0.910630632468505
"Vitvi16g00741"	0.860729357788628
"Vitvi16g00793"	0.909080294948282
"Vitvi16g00837"	0.888427893438586
"Vitvi16g00849"	0.874734603634673
"Vitvi16g00855"	0.817482525374858
"Vitvi16g00860"	0.833472810807813
"Vitvi16g00875"	0.924267986132572
"Vitvi16g00896"	0.858476607002949
"Vitvi16g00897"	0.935437737035531
"Vitvi16g01857"	0.925878790378336
"Vitvi16g00952"	0.897761260927931
"Vitvi16g01874"	0.933748948549205
"Vitvi16g04372"	0.932236962763469
"Vitvi16g01078"	0.847448455391947
"Vitvi16g01095"	0.840640300794618
"Vitvi16g01144"	0.916581131224046
"Vitvi16g04420"	0.818896049445243
"Vitvi16g01191"	0.871428844052737
"Vitvi16g01204"	0.926380050456116
"Vitvi16g01283"	0.889381737472024
"Vitvi16g04487"	0.823938658746442
"Vitvi16g04495"	0.945471568635907
"Vitvi16g01322"	0.84842620986477
"Vitvi16g04505"	0.844629211585838
"Vitvi16g01355"	0.843352460768047
"Vitvi16g02074"	0.8577130949369
"Vitvi16g01403"	0.82457472502885
"Vitvi16g01406"	0.91067235236951
"Vitvi16g01418"	0.925307901402015
"Vitvi17g00018"	0.886640718620258
"Vitvi17g00028"	0.920385151459432
"Vitvi17g00031"	0.873875345564958
"Vitvi17g04009"	0.860738474678867
"Vitvi17g00082"	0.847845209064987
"Vitvi17g00085"	0.817957800803455
"Vitvi17g00087"	0.855573088745289
"Vitvi17g01341"	0.91351294464726
"Vitvi17g00100"	0.923754169335148
"Vitvi17g00103"	0.824727016993046
"Vitvi17g00139"	0.875270497097612
"Vitvi17g00169"	0.922728282720668
"Vitvi17g01360"	0.81921556703771
"Vitvi17g00213"	0.854516337804143
"Vitvi17g00214"	0.891943652416489
"Vitvi17g00216"	0.859116660167037
"Vitvi17g00228"	0.911928267089665
"Vitvi17g00232"	0.937881126459475
"Vitvi17g00237"	0.892963181765122
"Vitvi17g00261"	0.87155428364431
"Vitvi17g00271"	0.913179780407016
"Vitvi17g00294"	0.85054118685958
"Vitvi17g00304"	0.827448847250483
"Vitvi17g00350"	0.875168498007127
"Vitvi17g00442"	0.868812403876516
"Vitvi17g00443"	0.894585496202126
"Vitvi17g00480"	0.879246341522662
"Vitvi17g00494"	0.897125323196253
"Vitvi17g00527"	0.848587679321447
"Vitvi17g01455"	0.830821231099017
"Vitvi17g01457"	0.874558602898949
"Vitvi17g00558"	0.820794248988695
"Vitvi17g00560"	0.869202194375131
"Vitvi17g00579"	0.842712029969636
"Vitvi17g00583"	0.918926769277141
"Vitvi17g00601"	0.887575246066199
"Vitvi17g00608"	0.831101961760104
"Vitvi17g00635"	0.822496007936203
"Vitvi17g00642"	0.825838108516587
"Vitvi17g00645"	0.870836531997389
"Vitvi17g00651"	0.864626968790492
"Vitvi17g00658"	0.86303417024065
"Vitvi17g00664"	0.828701860671127
"Vitvi17g00673"	0.925783377857243
"Vitvi17g01511"	0.932870059877353
"Vitvi17g00704"	0.831330084080039
"Vitvi17g01520"	0.830699362519225
"Vitvi17g00722"	0.880136533867536
"Vitvi17g00738"	0.842309469795306
"Vitvi17g00759"	0.8770017637139
"Vitvi17g04225"	0.841624926919811
"Vitvi17g00804"	0.880039625397386
"Vitvi17g00822"	0.938615425539819
"Vitvi17g00837"	0.829702109449763
"Vitvi17g00874"	0.86876256252928
"Vitvi17g00878"	0.854961265922711
"Vitvi17g00895"	0.86090776853333
"Vitvi17g04257"	0.847464068429687
"Vitvi17g00917"	0.850003258968522
"Vitvi17g00931"	0.908808336303227
"Vitvi17g00977"	0.823838294618616
"Vitvi17g00979"	0.874109528414931
"Vitvi17g01012"	0.878809658781632
"Vitvi17g01635"	0.872751509964572
"Vitvi17g01203"	0.918815094522189
"Vitvi17g01221"	0.850204321437385
"Vitvi17g01251"	0.859163102109485
"Vitvi18g00008"	0.924328225105987
"Vitvi18g00009"	0.867016656606638
"Vitvi18g00022"	0.957201014484831
"Vitvi18g00023"	0.860707015117927
"Vitvi18g00043"	0.954730324233092
"Vitvi18g00064"	0.924157753639368
"Vitvi18g00071"	0.849112828794266
"Vitvi18g00075"	0.841370899244797
"Vitvi18g00118"	0.852867113541642
"Vitvi18g00137"	0.951833989631583
"Vitvi18g00159"	0.841629047934082
"Vitvi18g00193"	0.917035764152151
"Vitvi18g02514"	0.945428607917041
"Vitvi18g02519"	0.882658581687347
"Vitvi18g00213"	0.817069897203571
"Vitvi18g04039"	0.930772891381808
"Vitvi18g00234"	0.846968685001593
"Vitvi18g00236"	0.854293588736288
"Vitvi18g00271"	0.875552764512168
"Vitvi18g00274"	0.927255900478827
"Vitvi18g00283"	0.851956059150315
"Vitvi18g00310"	0.838869775688562
"Vitvi18g00311"	0.859872784019382
"Vitvi18g00313"	0.830396154493628
"Vitvi18g00316"	0.909428403725122
"Vitvi18g00322"	0.870131096641534
"Vitvi18g00335"	0.83584159384866
"Vitvi18g00355"	0.860464284788516
"Vitvi18g00371"	0.927694199230648
"Vitvi18g00376"	0.848509034815925
"Vitvi18g00394"	0.850339032961444
"Vitvi18g04078"	0.826806400089028
"Vitvi18g00421"	0.851945279598548
"Vitvi18g00422"	0.891024849031572
"Vitvi18g00432"	0.839752032290794
"Vitvi18g00435"	0.844590126923657
"Vitvi18g00436"	0.820395355974033
"Vitvi18g00466"	0.891572305570012
"Vitvi18g00472"	0.914299618356658
"Vitvi18g00505"	0.880069606955284
"Vitvi18g00510"	0.898753078545548
"Vitvi18g00530"	0.827452775429026
"Vitvi18g02617"	0.848279759476967
"Vitvi18g00573"	0.854974193607926
"Vitvi18g00590"	0.912627181579881
"Vitvi18g00598"	0.956370210797372
"Vitvi18g00610"	0.928837638065554
"Vitvi18g00616"	0.912827182249141
"Vitvi18g00617"	0.927306228841933
"Vitvi18g00683"	0.875053263661601
"Vitvi18g00690"	0.90340804488519
"Vitvi18g00697"	0.941537137468606
"Vitvi18g00727"	0.874321581721575
"Vitvi18g00739"	0.847853628651845
"Vitvi18g00743"	0.902428912280204
"Vitvi18g00747"	0.944513154570154
"Vitvi18g00749"	0.872551071810825
"Vitvi18g00768"	0.926286749442643
"Vitvi18g00773"	0.851749625734091
"Vitvi18g00775"	0.906435147368957
"Vitvi18g00777"	0.877779256889311
"Vitvi18g00781"	0.917342270370042
"Vitvi18g00792"	0.874971881218562
"Vitvi18g00842"	0.888803040374366
"Vitvi18g00843"	0.907235638887435
"Vitvi18g00857"	0.89385885603788
"Vitvi18g00881"	0.94178676824854
"Vitvi18g00919"	0.931583592587145
"Vitvi18g00924"	0.842371349850202
"Vitvi18g00925"	0.864649436258736
"Vitvi18g00928"	0.90062488764488
"Vitvi18g00948"	0.846913879724674
"Vitvi18g01005"	0.817111301927639
"Vitvi18g01010"	0.880687542239708
"Vitvi18g01022"	0.918342495646428
"Vitvi18g01080"	0.903630657611359
"Vitvi18g01085"	0.870167452724431
"Vitvi18g04257"	0.860002615593727
"Vitvi18g01092"	0.900340255090586
"Vitvi18g01093"	0.878749374058401
"Vitvi18g01098"	0.916917050858805
"Vitvi18g01101"	0.844449772312569
"Vitvi18g01120"	0.943058997985958
"Vitvi18g01132"	0.909858156571268
"Vitvi18g01148"	0.924528118863392
"Vitvi18g01149"	0.856944921346432
"Vitvi18g01166"	0.83480215372637
"Vitvi18g01167"	0.927059122054922
"Vitvi18g01235"	0.888831726972337
"Vitvi18g01253"	0.904055518691641
"Vitvi18g01321"	0.899474992693829
"Vitvi18g01385"	0.855182448726093
"Vitvi18g01624"	0.902527200917365
"Vitvi18g01628"	0.829015452869903
"Vitvi18g02979"	0.823678616458674
"Vitvi18g02981"	0.840546907889824
"Vitvi18g02993"	0.919251905001066
"Vitvi18g01677"	0.834749417157192
"Vitvi18g01679"	0.818087428916918
"Vitvi18g01735"	0.844387212113891
"Vitvi18g01866"	0.862198182056992
"Vitvi18g01992"	0.875202030382676
"Vitvi18g02006"	0.905895866274508
"Vitvi18g02072"	0.914688557770758
"Vitvi18g02144"	0.838700609017122
"Vitvi18g02147"	0.887434864841809
"Vitvi18g02327"	0.83370297956155
"Vitvi18g04733"	0.861621515558589
"Vitvi18g04754"	0.853808252443064
"Vitvi18g04755"	0.868269604281207
"Vitvi18g03257"	0.828663585707621
"Vitvi18g02391"	0.859440092171546
"Vitvi18g03269"	0.893464027727786
"Vitvi19g00008"	0.862882080501162
"Vitvi19g00009"	0.856338842882846
"Vitvi19g00041"	0.874484139337827
"Vitvi19g00042"	0.874586584491153
"Vitvi19g00122"	0.937227851958794
"Vitvi19g00145"	0.851050266725242
"Vitvi19g00147"	0.931642489879307
"Vitvi19g00198"	0.84600516307104
"Vitvi19g00200"	0.893688920775404
"Vitvi19g00221"	0.924938868037554
"Vitvi19g00261"	0.888070608586569
"Vitvi19g00275"	0.863421498649326
"Vitvi19g00280"	0.894584602643631
"Vitvi19g00282"	0.878857907536357
"Vitvi19g00307"	0.833885279048522
"Vitvi19g04139"	0.87091301557153
"Vitvi19g01972"	0.891761248104858
"Vitvi19g00397"	0.877591691641982
"Vitvi19g00463"	0.850597024012682
"Vitvi19g00469"	0.906743077351683
"Vitvi19g00529"	0.917481425903821
"Vitvi19g00552"	0.821105598220953
"Vitvi19g00572"	0.935705787179341
"Vitvi19g00585"	0.930373788507888
"Vitvi19g00618"	0.865408612782978
"Vitvi19g02059"	0.930507343609594
"Vitvi19g00682"	0.905325603950178
"Vitvi19g00690"	0.883415168015162
"Vitvi19g00735"	0.916644600559478
"Vitvi19g00762"	0.881436362527206
"Vitvi19g04293"	0.863052111017536
"Vitvi19g00916"	0.83097390584944
"Vitvi19g04408"	0.866009002144121
"Vitvi19g01432"	0.841876384417172
"Vitvi19g01464"	0.878204997811134
"Vitvi19g01512"	0.855893341040269
"Vitvi19g01732"	0.831034221307183
"Vitvi19g01767"	0.884223193466014
"Vitvi02g00006"	0.902780615579997
"Vitvi02g04002"	0.903390805176564
"Vitvi02g00013"	0.836160141102507
"Vitvi02g00014"	0.916666120445243
"Vitvi02g00017"	0.949536157238848
"Vitvi02g00022"	0.888551099146903
"Vitvi02g00032"	0.889845147792212
"Vitvi02g00091"	0.925754237840272
"Vitvi02g01335"	0.865678015112962
"Vitvi02g04014"	0.86226347046763
"Vitvi02g00099"	0.852652459853625
"Vitvi02g00106"	0.883488626512158
"Vitvi02g00116"	0.903687614407876
"Vitvi02g00118"	0.929148812806859
"Vitvi02g00125"	0.826891888437162
"Vitvi02g00147"	0.850451598956563
"Vitvi02g04035"	0.821755577277514
"Vitvi02g00208"	0.857263501194868
"Vitvi02g00211"	0.922019615512267
"Vitvi02g00212"	0.845334581300483
"Vitvi02g00232"	0.91954423588068
"Vitvi02g00238"	0.920838633387555
"Vitvi02g00239"	0.90428680146699
"Vitvi02g00278"	0.832327028278705
"Vitvi02g04066"	0.877554625491109
"Vitvi02g00293"	0.847087050129404
"Vitvi02g04068"	0.817957073360617
"Vitvi02g00303"	0.903988318013822
"Vitvi02g00304"	0.862756613964927
"Vitvi02g00327"	0.830354975715684
"Vitvi02g00340"	0.828513164660386
"Vitvi02g00342"	0.935551675855379
"Vitvi02g00346"	0.916422755641463
"Vitvi02g00409"	0.833052313992443
"Vitvi02g00413"	0.899955166095277
"Vitvi02g00416"	0.917458743857476
"Vitvi02g00450"	0.892284063090934
"Vitvi02g00476"	0.885310138494823
"Vitvi02g00483"	0.847675019965599
"Vitvi02g00508"	0.819354052700486
"Vitvi02g01432"	0.838628403118571
"Vitvi02g00510"	0.896656256101466
"Vitvi02g00511"	0.910113115367479
"Vitvi02g04156"	0.879383443633706
"Vitvi02g00545"	0.86295981588235
"Vitvi02g00560"	0.838730052700163
"Vitvi02g00565"	0.874117650378746
"Vitvi02g00567"	0.88559656155134
"Vitvi02g00603"	0.867039590110751
"Vitvi02g00606"	0.838922306001556
"Vitvi02g00626"	0.850836570152208
"Vitvi02g04187"	0.904532981903432
"Vitvi02g01486"	0.940796526626658
"Vitvi02g00682"	0.915019927605755
"Vitvi02g00686"	0.891204661723619
"Vitvi02g00701"	0.868101623881622
"Vitvi02g00709"	0.873794499294146
"Vitvi02g00726"	0.835592789507816
"Vitvi02g01513"	0.905115382118207
"Vitvi02g00759"	0.850758026032294
"Vitvi02g00772"	0.832425904132758
"Vitvi02g01113"	0.832611422681432
"Vitvi02g01143"	0.836939518701217
"Vitvi02g01171"	0.872438893590403
"Vitvi02g01204"	0.90003543126796
"Vitvi02g01230"	0.827689807617396
"Vitvi02g01231"	0.896149248494006
"Vitvi02g01236"	0.904127378053838
"Vitvi03g00028"	0.902118127400513
"Vitvi03g00033"	0.820546460939277
"Vitvi03g00036"	0.898385982064273
"Vitvi03g00054"	0.90975734542367
"Vitvi03g00064"	0.819542558950544
"Vitvi03g01350"	0.834801863540313
"Vitvi03g04029"	0.826897812891499
"Vitvi03g01353"	0.837910496632919
"Vitvi03g00088"	0.932386022594158
"Vitvi03g04037"	0.88399826566348
"Vitvi03g01388"	0.882812348358668
"Vitvi03g00120"	0.860865389763835
"Vitvi03g00124"	0.906627571200897
"Vitvi03g00125"	0.879723918391488
"Vitvi03g00129"	0.825667918991834
"Vitvi03g00130"	0.851765123369245
"Vitvi03g00144"	0.821369252062231
"Vitvi03g00155"	0.825885163078634
"Vitvi03g00185"	0.903187203680552
"Vitvi03g00193"	0.904357920268372
"Vitvi03g01433"	0.828969092867214
"Vitvi03g00209"	0.88960852759675
"Vitvi03g00221"	0.828930463775243
"Vitvi03g00223"	0.894756038150118
"Vitvi03g00227"	0.925591877462228
"Vitvi03g01469"	0.826346011064334
"Vitvi03g00242"	0.934660904144079
"Vitvi03g00245"	0.875135421986291
"Vitvi03g00251"	0.931319058983252
"Vitvi03g01477"	0.852398508545446
"Vitvi03g00274"	0.878821932779454
"Vitvi03g00315"	0.892998338201149
"Vitvi03g00338"	0.882378002329447
"Vitvi03g00340"	0.892080532414665
"Vitvi03g01500"	0.909612503254576
"Vitvi03g01501"	0.847330345802329
"Vitvi03g00352"	0.924857762609994
"Vitvi03g00369"	0.911538417170228
"Vitvi03g00386"	0.824300619003616
"Vitvi03g00388"	0.894734111985838
"Vitvi03g04145"	0.855669178165194
"Vitvi03g00413"	0.902639655722618
"Vitvi03g00475"	0.867211534174076
"Vitvi03g00482"	0.903317517629774
"Vitvi03g01562"	0.836621123287967
"Vitvi03g00516"	0.931801468976989
"Vitvi03g00517"	0.843280160779816
"Vitvi03g00535"	0.908310144180798
"Vitvi03g00537"	0.871171917273634
"Vitvi03g00545"	0.839685776854503
"Vitvi03g00553"	0.913021980875909
"Vitvi03g00581"	0.876349249717848
"Vitvi03g00597"	0.847257338524924
"Vitvi03g00598"	0.893731932364972
"Vitvi03g00626"	0.882180096784183
"Vitvi03g00666"	0.871152037251827
"Vitvi03g04211"	0.892297906117564
"Vitvi03g00675"	0.944989982668161
"Vitvi03g00677"	0.941454837458874
"Vitvi03g00692"	0.831482594750603
"Vitvi03g00721"	0.88983207858051
"Vitvi03g00735"	0.892151541991427
"Vitvi03g00763"	0.86173567256987
"Vitvi03g00792"	0.856528994794544
"Vitvi03g00851"	0.931664686202515
"Vitvi03g00860"	0.821378292820235
"Vitvi03g04288"	0.838686003582476
"Vitvi03g01727"	0.842318622773585
"Vitvi03g01020"	0.837008739255698
"Vitvi03g01763"	0.868247060607756
"Vitvi03g01759"	0.827221793917486
"Vitvi03g01097"	0.851518430012182
"Vitvi03g01111"	0.849792189114303
"Vitvi03g01126"	0.839836406617096
"Vitvi03g01196"	0.841918803186975
"Vitvi03g01853"	0.822194256173167
"Vitvi03g04508"	0.841788666058477
"Vitvi03g01300"	0.868143962480937
"Vitvi03g01302"	0.826323279923694
"Vitvi04g00051"	0.827027958150036
"Vitvi04g00056"	0.846614135960227
"Vitvi04g01781"	0.89904731439846
"Vitvi04g00070"	0.890077044191752
"Vitvi04g00095"	0.835178327608053
"Vitvi04g00103"	0.866434238924076
"Vitvi04g00104"	0.824559615835629
"Vitvi04g00155"	0.862601865700505
"Vitvi04g01808"	0.906854309052643
"Vitvi04g00160"	0.915596235566865
"Vitvi04g00164"	0.878542130678795
"Vitvi04g00168"	0.876266922241953
"Vitvi04g00178"	0.869112813571678
"Vitvi04g00182"	0.906455725993219
"Vitvi04g01824"	0.840655761409546
"Vitvi04g00224"	0.867037527061007
"Vitvi04g00289"	0.890614169529479
"Vitvi04g00300"	0.890142142711372
"Vitvi04g00307"	0.84791328775834
"Vitvi04g00367"	0.896251622595921
"Vitvi04g00378"	0.849858495951846
"Vitvi04g00436"	0.882405420506722
"Vitvi04g00465"	0.877031395107528
"Vitvi04g00471"	0.868906478418348
"Vitvi04g00479"	0.928450772705421
"Vitvi04g00501"	0.887553266157355
"Vitvi04g00503"	0.841659757224324
"Vitvi04g00507"	0.842801618757155
"Vitvi04g00517"	0.908380328382469
"Vitvi04g00538"	0.846869872440498
"Vitvi04g00600"	0.893666645103
"Vitvi04g00735"	0.929197570885211
"Vitvi04g04209"	0.913962116132902
"Vitvi04g00831"	0.828154592286626
"Vitvi04g00836"	0.935665101468779
"Vitvi04g04237"	0.878264839181103
"Vitvi04g00846"	0.821079531087478
"Vitvi04g00932"	0.927079760380597
"Vitvi04g00991"	0.82770295268798
"Vitvi04g01007"	0.897613434516708
"Vitvi04g01155"	0.849252165103197
"Vitvi04g01156"	0.911106779537704
"Vitvi04g01158"	0.878920879946435
"Vitvi04g01165"	0.850148426552361
"Vitvi04g01172"	0.849947503875119
"Vitvi04g01227"	0.87978393009275
"Vitvi04g01244"	0.837473838665738
"Vitvi04g01265"	0.841774757762809
"Vitvi04g01274"	0.876100856804117
"Vitvi04g01278"	0.869374070753626
"Vitvi04g01300"	0.906228406766606
"Vitvi04g01315"	0.836236193225754
"Vitvi04g04346"	0.846893861423302
"Vitvi04g01389"	0.889782092520496
"Vitvi04g01392"	0.853912511655114
"Vitvi04g01407"	0.825979875990424
"Vitvi04g01424"	0.842288702860994
"Vitvi04g01425"	0.853470155474632
"Vitvi04g01426"	0.879570062702922
"Vitvi04g01430"	0.857106805394665
"Vitvi04g01440"	0.852735153952969
"Vitvi04g01475"	0.861706378345626
"Vitvi04g01481"	0.940214856607609
"Vitvi04g01486"	0.827910847630888
"Vitvi04g02166"	0.825746939439107
"Vitvi04g02184"	0.8667020833336
"Vitvi04g01530"	0.829265166819517
"Vitvi04g02199"	0.827868444427796
"Vitvi04g04452"	0.833991288941954
"Vitvi04g01573"	0.938157611369248
"Vitvi04g01585"	0.875789746336153
"Vitvi04g02232"	0.817408606338152
"Vitvi04g02242"	0.835801786861634
"Vitvi04g01643"	0.877948993326749
"Vitvi04g01666"	0.822442382951762
"Vitvi04g01733"	0.911373702909703
"Vitvi05g00006"	0.916964174552008
"Vitvi05g00009"	0.907286479559078
"Vitvi05g00061"	0.821448694663489
"Vitvi05g00067"	0.889711194968605
"Vitvi05g01763"	0.896998360660669
"Vitvi05g00077"	0.935825412483807
"Vitvi05g04017"	0.887013964989926
"Vitvi05g00083"	0.86166788655868
"Vitvi05g00109"	0.85517603740276
"Vitvi05g00114"	0.889334562537423
"Vitvi05g00117"	0.850055182740734
"Vitvi05g00153"	0.855111364244463
"Vitvi05g04030"	0.964432428261265
"Vitvi05g00212"	0.861013108120862
"Vitvi05g00241"	0.858074521189436
"Vitvi05g00247"	0.882580205998719
"Vitvi05g00266"	0.852017568958935
"Vitvi05g00271"	0.852088406069204
"Vitvi05g00272"	0.870361584215342
"Vitvi05g00276"	0.855974306452262
"Vitvi05g00321"	0.907307615273079
"Vitvi05g00350"	0.819093282128141
"Vitvi05g01862"	0.841259469389688
"Vitvi05g00372"	0.821313283238984
"Vitvi05g00423"	0.93958578638091
"Vitvi05g00426"	0.90135649235078
"Vitvi05g00437"	0.820229175791103
"Vitvi05g00448"	0.847272933451108
"Vitvi05g00472"	0.829823406209904
"Vitvi05g00530"	0.905144716890197
"Vitvi05g00541"	0.855563715940781
"Vitvi05g00542"	0.94100461367628
"Vitvi05g00549"	0.863370440691917
"Vitvi05g01900"	0.899911808310828
"Vitvi05g00604"	0.881496149058379
"Vitvi05g00616"	0.912407006243086
"Vitvi05g00652"	0.848913827395949
"Vitvi05g00713"	0.90510520452016
"Vitvi05g00759"	0.92062045250876
"Vitvi05g00767"	0.879608064303232
"Vitvi05g00780"	0.818207675612301
"Vitvi05g00828"	0.869430583701054
"Vitvi05g00888"	0.831261438530765
"Vitvi05g00932"	0.826221806626053
"Vitvi05g00948"	0.891654637407103
"Vitvi05g00953"	0.898880826085793
"Vitvi05g00961"	0.85882866936939
"Vitvi05g01103"	0.895909917085087
"Vitvi05g01108"	0.903573335881873
"Vitvi05g01265"	0.863517661614286
"Vitvi05g01266"	0.872395088829777
"Vitvi05g01276"	0.86891863058485
"Vitvi05g02108"	0.859195033808766
"Vitvi05g01285"	0.836676893503325
"Vitvi05g02111"	0.933748707174201
"Vitvi05g01306"	0.898905309168405
"Vitvi05g01308"	0.869383741378211
"Vitvi05g01330"	0.843907177753295
"Vitvi05g01339"	0.823057942341976
"Vitvi05g01343"	0.853505673339218
"Vitvi05g02122"	0.854160635201598
"Vitvi05g01366"	0.92497784522398
"Vitvi05g02138"	0.892647002775584
"Vitvi05g01450"	0.82360368838401
"Vitvi05g01494"	0.896632663848249
"Vitvi05g02201"	0.868753871719151
"Vitvi05g04475"	0.862874078074553
"Vitvi05g01546"	0.825540490294042
"Vitvi05g02273"	0.925378140340844
"Vitvi05g04575"	0.81787049398012
"Vitvi06g00008"	0.8274180073318
"Vitvi06g00040"	0.874132066327028
"Vitvi06g00044"	0.902305559655257
"Vitvi06g04015"	0.95150784179369
"Vitvi06g00069"	0.856312666524252
"Vitvi06g00089"	0.837145561286188
"Vitvi06g00093"	0.881085159996259
"Vitvi06g01593"	0.853100020895737
"Vitvi06g01596"	0.943867894527617
"Vitvi06g00119"	0.84423502582376
"Vitvi06g00121"	0.882311027883409
"Vitvi06g00137"	0.881810406280312
"Vitvi06g00162"	0.893854809092849
"Vitvi06g00173"	0.858433989544299
"Vitvi06g00182"	0.875599540523709
"Vitvi06g00184"	0.904374010799258
"Vitvi06g04062"	0.841452695336808
"Vitvi06g04080"	0.850347505257426
"Vitvi06g00241"	0.855592270506571
"Vitvi06g00245"	0.870011634748656
"Vitvi06g04092"	0.85779204739145
"Vitvi06g00259"	0.891364948612562
"Vitvi06g04093"	0.848464920366351
"Vitvi06g00266"	0.837024146816868
"Vitvi06g00281"	0.847295011377039
"Vitvi06g01658"	0.935775739053604
"Vitvi06g00283"	0.901203094321152
"Vitvi06g00285"	0.859507873929293
"Vitvi06g00383"	0.88968334787443
"Vitvi06g00393"	0.890244325558035
"Vitvi06g04134"	0.820392089333979
"Vitvi06g00396"	0.831556415370416
"Vitvi06g00417"	0.90028004324891
"Vitvi06g00435"	0.87754978913183
"Vitvi06g00447"	0.879310635977735
"Vitvi06g00459"	0.924210534513829
"Vitvi06g00483"	0.84226494227351
"Vitvi06g00501"	0.895491575340514
"Vitvi06g00534"	0.887093756645619
"Vitvi06g00540"	0.839443370900478
"Vitvi06g00563"	0.828653925483617
"Vitvi06g00575"	0.935079428007284
"Vitvi06g00577"	0.851126435254073
"Vitvi06g00607"	0.819208759552569
"Vitvi06g00639"	0.838884675937031
"Vitvi06g00659"	0.884976949617775
"Vitvi06g00665"	0.896962689727824
"Vitvi06g00680"	0.898818270185574
"Vitvi06g00690"	0.848328416664194
"Vitvi06g00693"	0.848892349659737
"Vitvi06g00761"	0.935552502362583
"Vitvi06g00783"	0.839695964917569
"Vitvi06g00789"	0.859109467735959
"Vitvi06g00800"	0.870936484053727
"Vitvi06g00812"	0.90058261070049
"Vitvi06g00906"	0.856087246394704
"Vitvi06g00928"	0.883930567840258
"Vitvi06g00937"	0.892754976769622
"Vitvi06g00947"	0.920548163805892
"Vitvi06g00962"	0.901864186114739
"Vitvi06g01821"	0.846549337101289
"Vitvi06g01830"	0.916096852652164
"Vitvi06g01057"	0.933376348643452
"Vitvi06g01058"	0.827487811296522
"Vitvi06g01847"	0.949523063034402
"Vitvi06g01144"	0.898797991740574
"Vitvi06g01169"	0.922568950648017
"Vitvi06g01217"	0.824366799598797
"Vitvi06g01226"	0.82104936740424
"Vitvi06g01227"	0.885767923916377
"Vitvi06g01233"	0.879276682657989
"Vitvi06g01275"	0.831567935545726
"Vitvi06g01281"	0.924036023370971
"Vitvi06g01288"	0.852825775971231
"Vitvi06g01306"	0.826335808101058
"Vitvi06g01334"	0.86974854694743
"Vitvi06g01930"	0.927938271715224
"Vitvi06g01346"	0.950725958680074
"Vitvi06g01357"	0.842002216433863
"Vitvi06g01937"	0.885119753103132
"Vitvi06g01388"	0.823114625637244
"Vitvi06g01389"	0.913622695956451
"Vitvi06g01398"	0.936489757486407
"Vitvi06g01945"	0.916427926798953
"Vitvi06g01404"	0.908592149857148
"Vitvi06g01479"	0.867463342363561
"Vitvi06g01513"	0.835420777335996
"Vitvi06g01556"	0.949545350746679
"Vitvi07g00064"	0.935040312504379
"Vitvi07g00066"	0.879144160591483
"Vitvi07g02110"	0.846038851163883
"Vitvi07g02111"	0.852340234310758
"Vitvi07g02114"	0.860348108201873
"Vitvi07g02119"	0.85534128423045
"Vitvi07g04040"	0.956861566397247
"Vitvi07g00123"	0.87157324032004
"Vitvi07g00181"	0.95617928307279
"Vitvi07g00213"	0.865094030685982
"Vitvi07g00232"	0.875577075245982
"Vitvi07g02158"	0.913441569227922
"Vitvi07g00248"	0.845342860163193
"Vitvi07g00262"	0.848304576841747
"Vitvi07g02188"	0.838869223616099
"Vitvi07g00299"	0.847147058494327
"Vitvi07g02202"	0.832929969948271
"Vitvi07g00351"	0.951491854623326
"Vitvi07g00352"	0.874371122055907
"Vitvi07g00368"	0.834590648522239
"Vitvi07g00378"	0.944670762207937
"Vitvi07g02212"	0.8441952084066
"Vitvi07g00390"	0.956191919277222
"Vitvi07g00393"	0.869514807219281
"Vitvi07g00400"	0.939063975457176
"Vitvi07g00441"	0.914401348665752
"Vitvi07g02231"	0.829727851895959
"Vitvi07g02233"	0.829456344941698
"Vitvi07g00465"	0.82617987783244
"Vitvi07g02247"	0.829961513336645
"Vitvi07g02249"	0.837631658344766
"Vitvi07g00515"	0.900487377464761
"Vitvi07g00582"	0.918736108247649
"Vitvi07g00628"	0.86573829354386
"Vitvi07g00691"	0.868923628002236
"Vitvi07g00719"	0.873548030323065
"Vitvi07g00741"	0.8748696908015
"Vitvi07g00803"	0.820599234776038
"Vitvi07g04261"	0.897288596913773
"Vitvi07g04268"	0.844620563090968
"Vitvi07g01038"	0.848284961819874
"Vitvi07g02789"	0.939180537523989
"Vitvi07g04302"	0.895161913309698
"Vitvi07g01124"	0.935126236462059
"Vitvi07g04337"	0.900813336593335
"Vitvi07g01064"	0.846340362895671
"Vitvi07g01071"	0.836210422153469
"Vitvi07g02817"	0.843275339712817
"Vitvi07g04390"	0.913608102789213
"Vitvi07g01140"	0.827553754563158
"Vitvi07g04398"	0.910231993282075
"Vitvi07g04401"	0.862768181218468
"Vitvi07g04462"	0.852416631677577
"Vitvi07g04470"	0.923161890654725
"Vitvi07g04480"	0.839222894724559
"Vitvi07g04483"	0.85363800197705
"Vitvi07g01250"	0.846735953328246
"Vitvi07g01255"	0.88207452837018
"Vitvi07g01264"	0.836132057792193
"Vitvi07g01267"	0.897749044834761
"Vitvi07g01277"	0.82802044467191
"Vitvi07g04535"	0.892415398410867
"Vitvi07g04541"	0.856942955691596
"Vitvi07g01351"	0.916214416014549
"Vitvi07g04548"	0.86711176390482
"Vitvi07g04549"	0.839072210023184
"Vitvi07g04553"	0.832931834906946
"Vitvi07g04573"	0.848227512814895
"Vitvi07g01396"	0.875344430237298
"Vitvi07g01473"	0.854095687617572
"Vitvi07g02588"	0.930671230731993
"Vitvi07g01439"	0.895845207786042
"Vitvi07g04611"	0.884595260044795
"Vitvi07g01415"	0.867190158539021
"Vitvi07g01406"	0.819553967032026
"Vitvi07g04631"	0.840249784341943
"Vitvi07g03072"	0.926109567139271
"Vitvi07g04652"	0.910265568997442
"Vitvi07g04656"	0.914150289344387
"Vitvi07g03061"	0.944771104427023
"Vitvi07g04661"	0.890693984217472
"Vitvi07g04662"	0.901553318706546
"Vitvi07g01577"	0.837816648943424
"Vitvi07g01591"	0.918097557771488
"Vitvi07g01612"	0.929253320727054
"Vitvi07g01627"	0.887406237679049
"Vitvi07g01636"	0.91478248996127
"Vitvi07g01683"	0.911355362425093
"Vitvi07g01692"	0.8430111939337
"Vitvi07g01698"	0.906442836587072
"Vitvi07g01699"	0.888042721902566
"Vitvi07g01706"	0.88293579413264
"Vitvi07g01709"	0.868585742933617
"Vitvi07g01732"	0.948518759857633
"Vitvi07g01735"	0.839325605498497
"Vitvi07g01739"	0.910353920534387
"Vitvi07g01762"	0.868694632784016
"Vitvi07g01796"	0.864904131592628
"Vitvi07g02691"	0.844045932291388
"Vitvi07g01844"	0.876905172407517
"Vitvi07g01846"	0.897755857675745
"Vitvi07g01898"	0.820897961626622
"Vitvi07g04746"	0.877142735394394
"Vitvi07g01903"	0.908373228082708
"Vitvi07g01916"	0.908354430158284
"Vitvi07g01921"	0.861814796887577
"Vitvi07g04759"	0.860689468109087
"Vitvi07g02005"	0.864213318952752
"Vitvi07g02006"	0.863825892188166
"Vitvi07g02011"	0.870174783837957
"Vitvi07g02029"	0.951387438225715
"Vitvi07g02041"	0.86205937914108
"Vitvi08g04002"	0.856867727451802
"Vitvi08g00009"	0.860138115504041
"Vitvi08g00041"	0.934651695425479
"Vitvi08g00052"	0.827041017922589
"Vitvi08g00055"	0.91210738582424
"Vitvi08g00076"	0.828542156917319
"Vitvi08g00132"	0.864159634150904
"Vitvi08g00161"	0.857210138678546
"Vitvi08g00221"	0.829087688231689
"Vitvi08g00235"	0.851688945542184
"Vitvi08g00240"	0.859597607466059
"Vitvi08g00261"	0.894365430186299
"Vitvi08g00274"	0.856595085065978
"Vitvi08g00662"	0.85694825787985
"Vitvi08g00673"	0.884371703262485
"Vitvi08g00754"	0.83229407231275
"Vitvi08g00802"	0.871592671261833
"Vitvi08g00819"	0.858931391206732
"Vitvi08g00820"	0.830873707031499
"Vitvi08g02089"	0.896133300976544
"Vitvi08g00825"	0.902100767011275
"Vitvi08g00836"	0.820794733656968
"Vitvi08g00853"	0.898158134998134
"Vitvi08g00863"	0.844632247129912
"Vitvi08g04140"	0.892082507329806
"Vitvi08g00883"	0.844670143480334
"Vitvi08g00910"	0.845943650975074
"Vitvi08g02109"	0.886706508553884
"Vitvi08g00960"	0.844085935625848
"Vitvi08g00961"	0.947573044922489
"Vitvi08g04165"	0.853853133446722
"Vitvi08g04167"	0.819148281277696
"Vitvi08g00982"	0.851541463842098
"Vitvi08g01024"	0.86581360582329
"Vitvi08g01040"	0.834306665155451
"Vitvi08g01059"	0.934438356107953
"Vitvi08g02162"	0.916797752415013
"Vitvi08g01071"	0.854444185408625
"Vitvi08g01075"	0.82666231612445
"Vitvi08g01107"	0.818306721215374
"Vitvi08g01109"	0.836701884430992
"Vitvi08g02176"	0.9077762943458
"Vitvi08g01168"	0.913903069439571
"Vitvi08g04218"	0.870548482342005
"Vitvi08g02195"	0.872062220985411
"Vitvi08g04221"	0.960902685244246
"Vitvi08g01213"	0.870972232806032
"Vitvi08g01221"	0.871244213371501
"Vitvi08g01230"	0.863046333879667
"Vitvi08g01237"	0.858612923743766
"Vitvi08g02206"	0.848772310868366
"Vitvi08g01257"	0.874272905073925
"Vitvi08g02214"	0.830045835841705
"Vitvi08g01276"	0.932371084098248
"Vitvi08g01282"	0.842188428675859
"Vitvi08g01291"	0.839221949724466
"Vitvi08g01296"	0.861353682640623
"Vitvi08g01305"	0.909233342755199
"Vitvi08g01329"	0.883659541000901
"Vitvi08g01336"	0.836725816191335
"Vitvi08g02235"	0.824038982212192
"Vitvi08g01342"	0.90375530891225
"Vitvi08g01376"	0.833787795760964
"Vitvi08g04286"	0.856122580257507
"Vitvi08g01384"	0.904385378046167
"Vitvi08g04296"	0.854272666907694
"Vitvi08g01410"	0.884967866348946
"Vitvi08g01426"	0.843969208262612
"Vitvi08g04314"	0.84348849264903
"Vitvi08g01482"	0.886323352330439
"Vitvi08g01490"	0.849015987698807
"Vitvi08g01498"	0.844802576422419
"Vitvi08g01500"	0.922949929021104
"Vitvi08g01515"	0.91404174124419
"Vitvi08g01523"	0.934881677747738
"Vitvi08g01537"	0.89240117904176
"Vitvi08g01572"	0.854887326595961
"Vitvi08g01602"	0.902384972489625
"Vitvi08g01604"	0.952221428039052
"Vitvi08g01621"	0.83576841584665
"Vitvi08g01627"	0.897338043372845
"Vitvi08g01640"	0.886357248532516
"Vitvi08g01668"	0.850971150271085
"Vitvi08g02317"	0.825201515592649
"Vitvi08g01673"	0.84690975688023
"Vitvi08g04367"	0.90726189415655
"Vitvi08g04368"	0.869396954838392
"Vitvi08g01676"	0.850492247318255
"Vitvi08g01679"	0.836898685262221
"Vitvi08g01686"	0.947779209811821
"Vitvi08g01687"	0.853083760337782
"Vitvi08g02330"	0.854959910252687
"Vitvi08g01711"	0.889827536347384
"Vitvi08g01738"	0.866547641745707
"Vitvi08g01739"	0.847298470332866
"Vitvi08g01740"	0.924741672640867
"Vitvi08g01749"	0.905200785422889
"Vitvi08g01767"	0.88486796793437
"Vitvi08g01768"	0.901570049539639
"Vitvi08g01771"	0.823554977711828
"Vitvi08g02368"	0.947067606845573
"Vitvi08g01831"	0.865121151608303
"Vitvi08g01845"	0.84080152992766
"Vitvi08g01853"	0.894567477697947
"Vitvi08g01856"	0.8413171761733
"Vitvi08g01863"	0.873164750674655
"Vitvi08g01902"	0.933619521544568
"Vitvi08g01914"	0.87518166315368
"Vitvi08g01923"	0.915142797350482
"Vitvi08g01949"	0.842168209779441
"Vitvi08g01950"	0.919795632465007
"Vitvi08g04432"	0.910002146153161
"Vitvi09g00006"	0.83374217351489
"Vitvi09g00008"	0.817515904025138
"Vitvi09g00018"	0.937593606240024
"Vitvi09g00030"	0.930732617174441
"Vitvi09g00033"	0.843621222242212
"Vitvi09g00045"	0.869368190309827
"Vitvi09g00068"	0.914967151293641
"Vitvi09g00083"	0.878071623892187
"Vitvi09g00129"	0.834318522520901
"Vitvi09g00146"	0.867221281827569
"Vitvi09g01536"	0.840197256668602
"Vitvi09g00183"	0.955525490799975
"Vitvi09g00184"	0.897315477340132
"Vitvi09g00185"	0.850572225473103
"Vitvi09g00261"	0.920289079836546
"Vitvi09g00264"	0.866792922376342
"Vitvi09g00273"	0.881188103472976
"Vitvi09g00282"	0.878731391984107
"Vitvi09g00301"	0.869839862683333
"Vitvi09g00311"	0.861582026370506
"Vitvi09g04101"	0.890040595565606
"Vitvi09g00336"	0.818959480833817
"Vitvi09g00340"	0.851443074947741
"Vitvi09g00350"	0.881657161651099
"Vitvi09g00352"	0.900493782830806
"Vitvi09g00356"	0.833969151874849
"Vitvi09g00372"	0.914172642608007
"Vitvi09g00373"	0.936649551102
"Vitvi09g01616"	0.924283312901942
"Vitvi09g00406"	0.886398098182732
"Vitvi09g00438"	0.915160306410645
"Vitvi09g00443"	0.822395394152633
"Vitvi09g00488"	0.9049470961701
"Vitvi09g01650"	0.866657910747431
"Vitvi09g00593"	0.916121760793885
"Vitvi09g00607"	0.847871083664277
"Vitvi09g00618"	0.938970895161065
"Vitvi09g00752"	0.826537446192962
"Vitvi09g04257"	0.831143994715031
"Vitvi09g00802"	0.83480040592879
"Vitvi09g00817"	0.862507390397224
"Vitvi09g00829"	0.825002001028265
"Vitvi09g01155"	0.912463899340216
"Vitvi09g01233"	0.834156867421211
"Vitvi09g01272"	0.923348738261911
"Vitvi09g01302"	0.910985864266171
"Vitvi09g01317"	0.92892678334566
"Vitvi09g01351"	0.843186171954162
"Vitvi09g01374"	0.924548877123503
"Vitvi09g01464"	0.862471226040503
"Vitvi00g04040"	0.833764020795177
"Vitvi00g04049"	0.866202771242005
"Vitvi07g02896"	0.874584864404404
"Vitvi00g04315"	0.878371035104043
"Vitvi00g04337"	0.896128655813023
"Vitvi00g00859"	0.891984270139899
"Vitvi00g04744"	0.906422426282872
